199901
199902
199903
199904
199905
199906
199907
199908
199909
199910
199911
199912
200001
200002
200003
200004
200005
200006
200007
200008
200009
200010
200011
200012
200101
200102
200103
200104
200105
200106
200107
200108
200109
200110
200111
200112
200201
200202
200203
200204
200205
200206
200207
200208
200209
200210
200211
200212
200301
200302
200303
200304
200305
200306
200307
200308
200309
200310
200311
200312
200401
200403
200404
200405
201111
201303
199904
199905
199906
199907
199908
199909
199910
199911
199912
200001
200002
200003
200004
200005
200006
200007
200008
200009
200010
200011
200012
200101
200102
200103
200104
200105
200106
200107
200108
200109
200110
200111
200112
200201
200202
200203
200204
200205
200206
200207
200208
200209
200210
200211
200212
200301
200302
200303
200304
200305
200306
200307
200308
200309
200310
200312
200401
200403
200404
200405
200406
200407
200408
199907
199908
199909
199910
199911
199912
200001
200002
200003
200004
200005
200006
200007
200008
200009
200010
200011
200012
200101
200102
200103
200104
200105
200106
200107
200108
200109
200110
200111
200112
200201
200202
200203
200204
200205
200206
200207
200208
200209
200210
200211
200212
200301
200302
200303
200304
200305
200306
200307
200308
200309
200310
200311
200312
200401
200402
200403
200404
200405
200406
200407
200408
200409
200410
199901
199910
199911
199912
200001
200002
200003
200004
200005
200006
200007
200008
200009
200010
200011
200012
200101
200102
200103
200104
200105
200106
200107
200108
200109
200110
200111
200112
200201
200202
200203
200204
200205
200206
200207
200208
200209
200210
200211
200212
200301
200302
200303
200304
200305
200306
200307
200308
200309
200310
200311
200312
200401
200402
200403
200404
200405
200406
200407
200409
200411
200412
200501
200606
200001
200002
200003
200004
200005
200006
200007
200008
200009
200010
200011
200012
200101
200102
200103
200104
200105
200106
200107
200108
200109
200110
200111
200112
200201
200202
200203
200204
200205
200206
200207
200208
200209
200210
200211
200212
200301
200302
200303
200304
200305
200306
200307
200308
200309
200310
200311
200312
200403
200404
200406
200407
200409
200501
200503
200505
200506
200004
200005
200006
200007
200008
200009
200010
200011
200012
200101
200102
200103
200104
200105
200106
200107
200108
200109
200110
200111
200112
200201
200202
200203
200204
200205
200206
200207
200208
200209
200210
200211
200212
200301
200302
200303
200304
200305
200306
200307
200308
200309
200310
200311
200312
200403
200404
200406
200407
200410
200412
200505
200507
200508
200509
200607
200706
200710
200008
200009
200010
200011
200012
200101
200102
200103
200104
200105
200106
200107
200108
200109
200110
200111
200112
200201
200202
200203
200204
200205
200206
200207
200208
200209
200210
200211
200212
200301
200302
200303
200304
200305
200306
200307
200308
200309
200310
200311
200312
200402
200403
200404
200405
200406
200407
200410
200412
200502
200503
200505
200508
200509
200511
200001
200010
200011
200012
200101
200102
200103
200104
200105
200106
200107
200108
200109
200110
200111
200112
200201
200202
200203
200204
200205
200206
200207
200208
200209
200210
200211
200212
200301
200302
200303
200304
200305
200306
200307
200308
200309
200310
200311
200312
200401
200403
200404
200405
200406
200407
200504
200505
200506
200509
200512
200101
200102
200103
200104
200105
200106
200107
200108
200109
200110
200111
200112
200201
200202
200203
200204
200205
200206
200207
200208
200209
200210
200211
200212
200301
200302
200303
200304
200305
200306
200307
200308
200309
200310
200311
200312
200401
200402
200403
200404
200405
200406
200407
200410
200412
200502
200503
200504
200505
200510
200511
200604
200609
200701
201103
200006
200102
200104
200105
200106
200107
200108
200109
200110
200111
200112
200201
200202
200203
200204
200205
200206
200207
200208
200209
200210
200211
200212
200301
200302
200303
200304
200305
200306
200307
200308
200309
200310
200311
200401
200402
200403
200404
200405
200406
200407
200408
200409
200410
200411
200412
200503
200504
200506
200507
200508
200509
200510
200511
200512
200601
200604
201008
201102
201103
201112
201205
200107
200108
200109
200110
200111
200112
200201
200202
200203
200204
200205
200206
200207
200208
200209
200210
200211
200212
200301
200302
200303
200304
200305
200306
200307
200308
200309
200310
200311
200401
200402
200403
200404
200405
200406
200407
200408
200409
200410
200411
200412
200504
200505
200508
200509
200510
200512
200604
200608
200609
200610
201102
201103
200101
200110
200111
200112
200201
200202
200203
200204
200205
200206
200207
200208
200209
200210
200211
200212
200301
200302
200303
200304
200305
200306
200307
200308
200309
200310
200311
200312
200401
200402
200403
200404
200405
200406
200407
200408
200409
200410
200411
200412
200501
200502
200504
200505
200506
200508
200509
200510
200511
200512
200601
200602
200603
200604
200607
200609
200611
200701
200201
200202
200203
200204
200205
200206
200207
200208
200209
200210
200211
200212
200301
200302
200303
200304
200305
200306
200307
200308
200309
200310
200311
200312
200401
200402
200403
200404
200405
200406
200407
200408
200409
200410
200411
200412
200501
200502
200503
200504
200505
200506
200507
200508
200509
200510
200511
200601
200602
200603
200604
200605
200606
200612
200702
200703
201306
200204
200205
200206
200207
200208
200209
200210
200211
200212
200301
200302
200303
200304
200305
200306
200307
200308
200309
200310
200311
200312
200401
200402
200403
200404
200405
200406
200407
200408
200409
200410
200411
200412
200501
200502
200503
200504
200505
200506
200507
200508
200509
200510
200511
200512
200601
200603
200605
200606
200607
200608
200609
200610
200611
200612
200701
200702
200703
200704
200705
200706
200707
201110
200207
200208
200209
200210
200211
200212
200301
200302
200303
200304
200305
200306
200307
200308
200309
200310
200311
200312
200401
200402
200403
200404
200405
200406
200407
200408
200409
200410
200411
200412
200501
200502
200503
200504
200505
200506
200507
200508
200509
200510
200511
200512
200602
200603
200604
200605
200606
200607
200608
200609
200610
200611
200612
200701
200702
200703
200704
200705
200706
200710
201111
200207
200208
200210
200211
200212
200301
200302
200303
200304
200305
200306
200307
200308
200309
200310
200311
200312
200401
200402
200403
200404
200405
200406
200407
200408
200409
200410
200411
200412
200501
200502
200503
200504
200505
200506
200507
200508
200509
200510
200511
200512
200601
200602
200603
200605
200606
200607
200608
200609
200610
200611
200612
200701
200702
200703
200705
200711
200801
200802
200901
200205
200207
200208
200209
200301
200302
200303
200304
200305
200306
200307
200308
200309
200310
200311
200312
200401
200402
200403
200404
200405
200406
200407
200408
200409
200410
200411
200412
200501
200502
200503
200504
200505
200506
200507
200508
200509
200510
200511
200512
200601
200602
200603
200604
200605
200606
200607
200608
200609
200610
200611
200612
200701
200702
200703
200704
200705
200706
200707
200708
200711
200712
200801
200802
200803
200804
201007
201112
201402
200302
200304
200305
200306
200307
200308
200309
200310
200311
200312
200401
200402
200403
200404
200405
200406
200407
200408
200409
200410
200411
200412
200501
200502
200503
200504
200505
200506
200507
200508
200509
200510
200511
200512
200601
200602
200603
200604
200605
200606
200607
200608
200609
200610
200611
200612
200701
200702
200703
200704
200705
200706
200707
200708
200709
200711
200801
200802
200803
200804
200805
200806
200807
200808
200906
201105
201303
200303
200304
200305
200307
200308
200309
200310
200311
200312
200401
200402
200403
200404
200405
200406
200407
200408
200409
200410
200411
200412
200501
200502
200503
200504
200505
200506
200507
200508
200509
200510
200511
200512
200601
200602
200603
200604
200605
200606
200607
200608
200609
200610
200611
200612
200701
200702
200703
200704
200705
200706
200707
200708
200709
200710
200711
200712
200801
200802
200803
200804
200805
200806
200807
200808
200809
201212
200211
200310
200311
200312
200401
200402
200403
200404
200405
200406
200407
200408
200409
200410
200411
200412
200501
200502
200503
200504
200505
200506
200507
200508
200509
200510
200511
200512
200601
200602
200603
200604
200605
200606
200607
200608
200609
200610
200611
200612
200701
200702
200703
200704
200705
200707
200708
200709
200710
200711
200712
200801
200802
200803
200804
200805
200806
200807
200808
200809
200810
200811
200812
200901
200906
200402
200403
200404
200405
200406
200407
200408
200409
200410
200411
200412
200501
200502
200503
200504
200505
200506
200507
200508
200509
200510
200511
200512
200601
200602
200603
200604
200605
200606
200607
200608
200609
200611
200612
200701
200702
200703
200704
200705
200706
200709
200710
200802
200803
200804
200805
200806
200807
200808
200810
200812
200901
200902
200903
200904
201012
201405
200212
200404
200405
200406
200407
200408
200409
200410
200411
200412
200501
200502
200503
200504
200505
200506
200507
200508
200509
200510
200511
200512
200601
200602
200603
200604
200605
200606
200607
200608
200609
200610
200611
200612
200701
200702
200703
200704
200705
200706
200707
200708
200709
200710
200711
200712
200801
200802
200803
200804
200805
200806
200807
200810
200811
200901
200902
200903
200904
200905
200906
200907
200908
200407
200408
200409
200410
200411
200412
200501
200502
200503
200504
200505
200506
200507
200508
200509
200510
200511
200512
200601
200602
200603
200604
200605
200606
200607
200608
200609
200610
200611
200612
200701
200702
200703
200704
200705
200706
200707
200708
200709
200710
200711
200712
200801
200802
200803
200804
200805
200806
200807
200812
200901
200902
200903
200904
200905
200906
200907
200908
200909
200910
201001
201012
201110
200406
200409
200410
200411
200412
200501
200502
200503
200504
200505
200506
200507
200508
200509
200510
200511
200512
200601
200602
200603
200604
200605
200606
200607
200608
200609
200610
200611
200612
200701
200702
200703
200704
200705
200706
200707
200708
200709
200710
200711
200712
200801
200802
200803
200804
200805
200806
200811
200812
200901
200902
200903
200904
200905
200906
200907
200908
200909
200910
200911
200912
201001
201008
201201
201203
201306
200001
200501
200502
200503
200504
200505
200506
200507
200508
200509
200510
200511
200512
200601
200602
200603
200604
200605
200606
200607
200608
200609
200610
200611
200612
200701
200702
200703
200704
200705
200706
200707
200709
200710
200711
200712
200801
200802
200803
200804
200805
200807
200810
200811
200812
200901
200902
200903
200904
200905
200906
200907
200909
200910
200911
200912
201002
201003
201004
201006
201008
201009
201010
201012
201101
201102
201203
201208
201211
201305
201310
201402
201403
201404
201406
201409
201508
201509
200504
200505
200506
200507
200508
200509
200510
200511
200512
200601
200602
200603
200604
200605
200606
200607
200608
200609
200610
200611
200612
200701
200702
200703
200704
200705
200706
200707
200708
200709
200710
200711
200712
200801
200802
200803
200804
200805
200806
200807
200808
200810
200811
200812
200901
200902
200903
200904
200905
200906
200907
200908
200909
200910
200911
200912
201001
201002
201004
201005
201006
201007
201008
201010
201102
201104
201303
201409
201501
201502
201504
201505
201508
200507
200508
200509
200510
200511
200512
200601
200602
200603
200604
200605
200606
200607
200608
200609
200610
200611
200612
200701
200702
200703
200704
200705
200706
200707
200708
200709
200710
200711
200712
200801
200802
200803
200804
200805
200806
200807
200808
200809
200810
200811
200901
200902
200903
200904
200905
200906
200907
200908
200909
200910
200911
200912
201001
201002
201003
201005
201006
201007
201008
201009
201010
201012
201101
201102
201106
201108
201110
201201
201210
201306
201308
201309
201312
201401
201403
201501
201507
201601
200502
200510
200511
200512
200601
200602
200603
200604
200605
200606
200607
200608
200609
200610
200611
200612
200701
200702
200703
200704
200705
200706
200707
200708
200709
200710
200711
200712
200801
200802
200803
200804
200805
200807
200808
200810
200812
200901
200902
200903
200904
200905
200906
200907
200908
200909
200910
200911
200912
201001
201002
201003
201004
201005
201006
201007
201008
201009
201010
201011
201012
201101
201103
201106
201201
201205
201305
201309
201310
201403
201404
200601
200602
200603
200604
200605
200606
200607
200608
200609
200610
200611
200612
200701
200702
200703
200704
200705
200706
200707
200708
200709
200710
200711
200712
200801
200802
200803
200804
200805
200806
200807
200809
200810
200811
200812
200901
200902
200903
200904
200905
200906
200907
200908
200909
200910
200911
200912
201001
201002
201005
201006
201007
201008
201009
201010
201011
201012
201101
201102
201105
201110
201204
201206
201209
201311
201405
201507
201509
201607
201610
200604
200605
200606
200607
200608
200609
200610
200611
200612
200701
200702
200703
200704
200705
200706
200707
200708
200709
200710
200711
200712
200801
200802
200803
200804
200805
200806
200807
200808
200809
200810
200812
200901
200902
200903
200904
200905
200906
200907
200909
200911
200912
201002
201003
201004
201005
201008
201009
201104
201106
201107
201108
201109
201112
201201
201208
201302
201307
201309
201312
201407
201509
200607
200608
200609
200610
200611
200612
200701
200702
200703
200704
200705
200706
200707
200708
200709
200710
200711
200712
200801
200802
200803
200804
200805
200806
200807
200808
200809
200810
200811
200812
200901
200902
200903
200904
200905
200906
200907
200908
200909
200910
200911
200912
201001
201002
201004
201006
201007
201010
201011
201012
201101
201102
201109
201110
201112
201207
201210
201307
201309
201412
201509
200610
200611
200612
200701
200702
200703
200704
200705
200706
200707
200708
200709
200710
200711
200712
200801
200802
200803
200804
200805
200806
200807
200808
200809
200810
200811
200812
200901
200902
200903
200904
200905
200906
200907
200908
200909
200910
200911
200912
201001
201002
201004
201005
201006
201007
201008
201012
201101
201102
201103
201106
201109
201205
201206
201208
201209
201210
201212
201301
201302
201303
201307
201402
201403
201404
201408
201412
201502
201506
200701
200702
200703
200704
200705
200706
200707
200708
200709
200710
200711
200712
200801
200802
200803
200804
200805
200806
200807
200808
200809
200810
200811
200812
200901
200902
200903
200904
200905
200906
200907
200908
200909
200910
200911
200912
201001
201002
201003
201006
201007
201008
201010
201012
201103
201104
201105
201107
201109
201110
201203
201205
201304
201412
201504
201602
201605
200704
200705
200706
200707
200708
200709
200710
200711
200712
200801
200802
200803
200804
200805
200806
200807
200808
200809
200810
200811
200812
200901
200902
200903
200904
200905
200906
200907
200908
200909
200910
200911
201001
201002
201003
201005
201006
201007
201008
201009
201010
201011
201102
201103
201104
201105
201109
201111
201203
201205
201207
201208
201301
201302
201303
201306
201405
201602
200501
200707
200708
200709
200710
200711
200712
200801
200802
200803
200804
200805
200806
200807
200808
200809
200810
200811
200812
200901
200902
200903
200904
200905
200906
200907
200908
200909
200910
200911
200912
201001
201002
201003
201004
201005
201006
201008
201009
201010
201011
201012
201101
201102
201104
201107
201108
201109
201110
201111
201112
201202
201205
201206
201209
201309
201410
201602
201811
200710
200711
200712
200801
200802
200803
200804
200805
200806
200807
200808
200809
200810
200811
200812
200901
200902
200903
200904
200905
200906
200907
200908
200909
200910
200911
200912
201001
201002
201003
201004
201005
201006
201007
201008
201009
201010
201011
201012
201101
201103
201105
201106
201107
201109
201201
201202
201203
201204
201206
201207
201208
201209
201210
201212
201302
201303
201305
201306
201307
201406
201410
201509
201512
201602
200801
200802
200803
200804
200805
200806
200807
200808
200809
200810
200811
200812
200901
200902
200903
200904
200905
200906
200907
200908
200909
200910
200911
200912
201001
201002
201003
201004
201005
201006
201007
201009
201010
201011
201012
201101
201110
201111
201112
201201
201202
201203
201204
201205
201206
201207
201211
201212
201302
201303
201307
201402
201403
201506
201606
200501
200804
200805
200806
200807
200808
200809
200810
200811
200812
200901
200902
200903
200904
200905
200906
200907
200908
200909
200910
200911
200912
201001
201002
201003
201004
201005
201006
201007
201008
201009
201010
201011
201101
201102
201104
201105
201106
201107
201108
201109
201111
201112
201202
201203
201205
201206
201208
201209
201211
201212
201301
201303
201304
201307
201309
201312
201406
201408
201501
201506
201508
201510
200807
200808
200809
200810
200811
200812
200901
200902
200903
200904
200905
200906
200907
200908
200909
200910
200911
200912
201001
201002
201003
201004
201005
201006
201007
201008
201009
201010
201011
201012
201101
201102
201103
201104
201105
201107
201109
201111
201201
201203
201204
201207
201209
201211
201301
201302
201303
201305
201307
201508
201610
200810
200811
200812
200901
200902
200903
200904
200905
200906
200907
200908
200909
200910
200911
200912
201001
201002
201003
201004
201005
201006
201007
201008
201009
201010
201011
201012
201101
201104
201105
201109
201110
201111
201112
201202
201208
201209
201211
201305
201306
201411
201503
200901
200902
200903
200904
200905
200906
200907
200908
200909
200910
200911
200912
201001
201002
201003
201004
201005
201006
201007
201008
201009
201010
201011
201012
201101
201102
201103
201105
201109
201111
201112
201201
201202
201203
201204
201206
201208
201209
201210
201211
201212
201302
201311
201509
200904
200905
200906
200907
200908
200909
200910
200911
200912
201001
201002
201003
201004
201005
201006
201007
201008
201009
201010
201011
201012
201101
201105
201108
201109
201110
201112
201203
201210
201301
201302
201305
201306
201307
201309
201311
201502
201507
201510
201710
200907
200908
200909
200910
200911
200912
201001
201002
201003
201004
201005
201006
201007
201008
201009
201010
201011
201012
201101
201102
201103
201104
201105
201106
201107
201108
201109
201110
201112
201201
201202
201203
201204
201205
201206
201207
201208
201209
201212
201301
201302
201304
201305
201307
201310
201509
200910
200911
200912
201001
201002
201003
201004
201005
201006
201007
201008
201009
201010
201011
201012
201101
201102
201103
201104
201105
201106
201107
201108
201109
201110
201111
201202
201203
201205
201207
201212
201301
201302
201305
201311
201406
201001
201002
201003
201004
201005
201006
201007
201008
201009
201010
201011
201012
201101
201102
201103
201104
201105
201106
201107
201108
201109
201110
201111
201112
201201
201202
201205
201208
201302
201303
201304
201311
201004
201005
201006
201007
201008
201009
201010
201011
201012
201101
201102
201103
201104
201105
201106
201107
201108
201109
201110
201111
201112
201201
201202
201204
201205
201208
201209
201210
201211
201301
201303
201304
201305
201306
201308
201407
201408
201412
201702
201007
201008
201009
201010
201011
201012
201101
201102
201103
201104
201105
201106
201107
201108
201109
201110
201111
201112
201201
201202
201203
201204
201205
201206
201207
201208
201209
201210
201211
201212
201301
201302
201305
201306
201309
201310
201311
201312
201406
201407
201410
201503
201508
201605
201010
201011
201012
201101
201102
201103
201104
201105
201106
201107
201108
201109
201110
201111
201112
201201
201202
201203
201204
201205
201206
201208
201209
201210
201212
201301
201302
201305
201306
201307
201309
201310
201312
201404
201405
201411
201501
201503
201509
201101
201102
201103
201104
201105
201106
201107
201108
201109
201110
201111
201112
201201
201202
201203
201204
201205
201206
201207
201208
201209
201210
201211
201212
201301
201302
201303
201304
201305
201306
201307
201309
201404
201503
201504
201506
201105
201106
201107
201108
201109
201110
201111
201112
201201
201202
201203
201204
201205
201206
201207
201208
201209
201210
201211
201212
201301
201302
201304
201305
201306
201307
201309
201311
201312
201402
201406
201411
201503
201611
201708
201101
201108
201109
201110
201111
201112
201201
201202
201203
201204
201205
201206
201207
201208
201209
201210
201211
201212
201301
201302
201303
201304
201305
201306
201307
201310
201312
201401
201411
201505
201508
201110
201111
201112
201201
201202
201203
201204
201205
201206
201207
201208
201209
201210
201211
201212
201301
201302
201303
201304
201305
201306
201308
201310
201311
201312
201405
201406
201505
201509
201602
201604
201202
201203
201204
201205
201206
201207
201208
201209
201210
201211
201212
201301
201302
201303
201304
201305
201306
201307
201308
201309
201310
201311
201312
201402
201403
201404
201405
201406
201408
201409
201411
201412
201501
201503
201504
201505
201510
201602
201611
201204
201205
201206
201207
201208
201209
201210
201211
201212
201301
201302
201303
201304
201305
201306
201307
201308
201309
201310
201311
201312
201402
201403
201404
201405
201407
201408
201409
201502
201503
201505
201508
201702
201708
201207
201208
201209
201210
201211
201212
201301
201302
201303
201304
201305
201306
201307
201308
201309
201310
201311
201312
201401
201403
201406
201407
201408
201505
201507
201601
201804
201210
201211
201212
201301
201302
201303
201304
201305
201306
201307
201308
201309
201310
201311
201312
201401
201402
201403
201404
201405
201406
201407
201408
201409
201503
201504
201506
201510
201608
201803
201302
201303
201304
201305
201306
201307
201308
201309
201310
201311
201312
201401
201402
201403
201404
201405
201406
201407
201408
201409
201410
201411
201412
201501
201502
201511
201607
201804
201305
201306
201307
201308
201309
201310
201311
201312
201401
201402
201403
201404
201405
201406
201407
201408
201409
201410
201411
201412
201501
201502
201503
201504
201505
201506
201510
201607
201608
201609
201610
201611
201701
201710
201308
201309
201310
201311
201312
201401
201402
201403
201404
201405
201406
201407
201408
201409
201410
201411
201412
201501
201502
201503
201504
201505
201506
201507
201508
201509
201511
201512
201601
201602
201603
201604
201605
201606
201607
201608
201609
201610
201612
201705
201706
201710
201805
201808
201310
201311
201312
201401
201402
201403
201404
201405
201406
201407
201408
201409
201410
201411
201412
201501
201502
201503
201504
201505
201506
201507
201508
201509
201510
201511
201512
201601
201602
201603
201605
201606
201607
201609
201610
201612
201701
201704
201705
201706
201402
201403
201404
201405
201406
201407
201408
201409
201410
201411
201412
201501
201502
201503
201504
201505
201506
201507
201508
201509
201510
201511
201512
201601
201602
201603
201605
201606
201608
201609
201611
201612
201705
201707
201802
201404
201405
201406
201407
201408
201409
201410
201411
201412
201501
201502
201503
201504
201505
201506
201507
201508
201509
201510
201511
201512
201601
201603
201604
201605
201606
201607
201608
201610
201611
201612
201701
201702
201704
201706
201708
201804
201805
201808
200411
201408
201409
201410
201411
201412
201501
201502
201503
201504
201505
201506
201507
201508
201509
201510
201511
201512
201601
201602
201603
201605
201606
201607
201608
201610
201611
201612
201702
201703
201705
201707
201710
201711
201712
201804
201810
201411
201412
201501
201502
201503
201504
201505
201506
201507
201508
201509
201510
201511
201512
201601
201602
201603
201604
201605
201606
201607
201608
201609
201610
201611
201612
201701
201703
201704
201706
201707
201710
201712
201801
201804
201812
201502
201503
201504
201505
201506
201507
201508
201509
201510
201511
201512
201601
201602
201603
201604
201605
201606
201607
201608
201609
201610
201611
201612
201701
201702
201703
201704
201705
201706
201707
201804
201505
201506
201507
201508
201509
201510
201511
201512
201601
201602
201603
201604
201605
201606
201607
201608
201609
201610
201611
201612
201701
201702
201703
201704
201705
201707
201708
201711
201712
201803
201808
201809
201810
201508
201509
201510
201511
201512
201601
201602
201603
201604
201605
201606
201607
201608
201609
201610
201611
201612
201701
201702
201703
201704
201705
201706
201709
201710
201711
201803
201807
201511
201512
201601
201602
201603
201604
201605
201606
201607
201608
201609
201610
201611
201612
201701
201702
201703
201704
201705
201706
201707
201708
201709
201710
201712
201802
201803
201804
201602
201603
201604
201605
201606
201607
201608
201609
201610
201611
201612
201701
201702
201703
201704
201705
201706
201707
201708
201709
201712
201801
201804
201805
201605
201606
201607
201608
201609
201610
201611
201612
201701
201702
201703
201704
201705
201706
201707
201708
201709
201710
201711
201712
201801
201802
201803
201804
201805
201806
201807
201808
201812
201608
201609
201610
201611
201612
201701
201702
201703
201704
201705
201706
201707
201708
201709
201710
201711
201712
201801
201802
201803
201804
201805
201806
201807
201808
201809
201811
201611
201612
201701
201702
201703
201704
201705
201706
201707
201708
201709
201710
201711
201712
201801
201802
201803
201804
201805
201806
201807
201808
201809
201810
201812
201702
201703
201704
201705
201706
201707
201708
201709
201710
201711
201712
201801
201802
201803
201804
201805
201806
201807
201808
201809
201810
201811
201705
201706
201707
201708
201709
201710
201711
201712
201801
201802
201803
201804
201805
201806
201807
201808
201809
201810
201811
201812
201901
201708
201709
201710
201711
201712
201801
201802
201803
201804
201805
201806
201807
201808
201809
201810
201811
201812
201901
201710
201711
201712
201801
201802
201803
201804
201805
201806
201807
201808
201809
201810
201811
201812
201901
