10
3024
124969
123972
135359
2805
103
171
385
463
415
131
106
86
63
48
41
21
16
9
10
9
11
8
14
33
35
21
24
26
10
7
7
16
33
30
20
26
9
5
4
16
1
5
6
12
11
8
12
11
22
13
24
11
11
15
24
8
1
3
1
1
1
2
1
1
9
5132
114786
104006
91345
1631
155
254
610
702
559
226
158
152
110
98
80
43
31
25
25
22
56
67
40
53
40
37
7
18
27
49
72
60
50
9
21
21
14
8
8
11
21
26
22
10
25
36
27
35
23
13
17
28
9
4
4
1
3
7
7
2
2
6
3822
77082
71327
56006
799
132
262
509
510
450
232
204
172
118
140
78
52
44
89
87
69
114
84
55
41
49
60
97
123
163
138
25
34
24
38
17
38
40
53
61
46
38
18
41
26
23
16
12
30
38
11
5
3
1
1
2
2
4
10
1
1
3
1
1
3
2940
54408
53462
51534
777
111
172
413
408
361
198
225
159
179
151
133
113
164
101
91
62
34
43
54
150
143
138
125
22
16
25
32
16
21
27
38
43
34
24
14
22
20
13
16
6
20
13
9
1
2
1
1
1
2
5
3
2
1
3
1
1
1
2
970
38062
40323
47158
829
123
179
321
382
310
282
206
228
457
590
260
140
81
97
53
74
291
186
128
99
43
34
24
20
10
16
27
34
25
18
20
19
27
24
9
13
3
8
10
3
1
2
3
3
1
1
3
1
3
3
1
2
1311
55386
66237
68768
1209
250
397
632
591
718
1038
1777
585
289
256
280
137
140
689
362
140
114
49
42
37
39
15
25
23
27
26
25
21
27
13
15
20
23
20
16
17
8
3
1
3
2
2
1
1
2
1
1
5
1
1
2
1
1243
70274
78879
68306
1353
317
429
710
805
593
406
303
250
199
175
261
157
81
66
49
29
31
31
11
8
20
15
15
12
20
11
11
12
14
9
5
13
14
4
2
1
3
1
3
1
2
2
1
1
1
1
1
2
4
1
1
4
2806
74069
76369
68885
1319
246
334
441
502
416
323
325
225
198
123
91
46
56
36
18
16
12
17
20
17
17
6
16
10
9
12
10
8
9
8
3
1
3
3
2
2
1
2
1
1
2
1
1
1
4
2030
81315
114401
145569
3834
213
321
415
494
508
319
282
209
243
139
87
50
28
12
22
16
21
23
15
26
15
8
12
11
10
10
15
6
2
5
2
2
3
2
2
3
1
1
1
2
1
2
1
1
1
1
1
1
2
1
1
6
5953
153516
152460
141722
3864
409
522
762
815
667
553
391
324
248
159
110
79
64
70
66
44
54
59
37
39
34
31
30
35
14
3
1
3
1
2
7
4
5
8
1
1
2
2
1
1
1
1
2
1
1
2
2
1
1
1
2
1
1
1
6
4356
129862
135215
121870
3134
309
451
738
699
624
436
308
252
228
186
169
119
84
75
96
50
43
51
43
45
31
15
8
4
3
6
2
6
3
1
1
2
4
4
1
1
1
3
2
3
2
2
1
1
1
9
3
1
9
7422
164913
196277
164415
4520
255
436
557
576
480
414
334
241
179
146
129
98
69
68
54
51
59
47
24
8
7
8
3
10
5
13
7
4
2
3
4
4
9
4
5
4
1
2
1
3
1
2
2
3
2
2
3
2
1
1
2
10
7898
125427
119609
120929
2765
287
369
515
615
534
447
309
266
273
227
140
92
75
65
70
42
12
18
10
9
16
12
19
6
4
1
3
3
2
6
3
4
4
6
8
1
4
1
2
3
2
1
1
3
1
2
3
1
2
2
1
4
5346
104030
111331
106644
2795
415
579
692
682
685
589
415
378
289
216
198
133
82
43
30
19
24
15
18
26
16
5
4
6
3
2
4
7
3
1
1
8
3
7
7
7
2
2
1
2
2
1
3
5
4
2
3
1
1
2
1
4
2
1
3
1
5
4
5071
123215
151259
158283
4927
308
490
637
645
605
449
378
338
305
183
127
54
34
31
21
29
28
26
7
12
11
16
11
17
5
5
4
3
4
1
3
13
8
7
7
11
3
1
1
1
1
1
3
1
9
7
1
2
1
1
3
1
2
1
1
2
1
9
7619
192365
161626
147062
5310
273
382
505
567
612
494
380
271
225
139
120
52
40
53
36
28
23
19
14
12
14
6
13
13
4
7
7
4
6
5
3
5
11
6
7
12
2
3
3
3
1
5
3
9
5
6
6
1
1
2
1
1
1
2
2
1
5
6434
138568
144619
134502
4354
268
367
516
514
489
350
276
218
191
145
150
82
54
35
20
30
21
15
11
7
11
6
7
3
7
5
2
5
1
3
3
3
11
6
6
2
2
1
2
1
2
2
2
2
4
6
1
3
1
1
1
1
2
2
5
4
1
1
1
1
6
19274
154406
161120
214117
8611
313
430
703
743
716
439
361
351
244
182
149
61
44
34
38
27
24
7
10
12
13
10
11
10
9
4
1
3
2
3
2
6
5
7
8
4
3
3
1
2
3
4
2
7
3
9
4
2
1
3
2
3
3
11
10
3
1
1
1
1
1
1
1
7
14861
270949
203007
134984
3346
348
530
752
736
796
555
474
344
246
190
142
87
63
40
32
35
23
18
18
17
19
13
16
6
6
5
5
2
4
3
4
7
7
10
5
8
5
3
4
1
1
8
3
5
4
4
8
2
4
1
5
7
4
8
6
9
5
1
1
8
4638
114596
88915
84773
1910
258
382
507
568
543
431
343
260
249
209
148
80
47
51
27
34
31
25
19
11
15
8
10
10
8
7
6
6
5
3
5
2
10
11
14
2
6
2
5
1
3
1
2
3
4
2
7
6
2
2
1
1
1
4
6
1
2
1
1532
66885
93988
120093
3521
128
220
358
402
494
318
323
253
186
155
121
61
55
52
23
30
28
13
14
13
9
9
7
14
4
3
2
2
6
3
1
6
2
4
2
1
2
3
2
2
1
1
1
1
1
1
9
19
7
3
1
1
1
8
5591
139736
104085
82947
1735
268
372
660
720
668
446
388
343
227
149
175
103
87
70
46
38
23
25
16
13
16
15
11
9
7
6
2
3
3
5
4
3
12
8
3
1
1
1
1
4
2
5
5
2
1
1
1
1
9
27
20
16
20
13
2
1
8
2972
72712
80137
77598
2012
226
357
428
448
464
370
328
314
271
239
139
104
66
41
34
35
26
15
23
18
12
11
8
5
6
9
5
2
2
7
5
6
2
4
2
3
6
4
7
2
5
2
5
1
10
11
24
9
9
11
4
3
5
2
1
1
1
1
1
8
3354
80459
88555
81492
2357
123
200
311
360
432
366
330
236
205
151
109
69
56
51
27
34
18
18
11
6
9
6
5
6
7
5
1
1
2
2
4
2
2
5
6
3
2
2
2
1
3
8
15
14
6
10
11
2
1
8
2
1
1
1
1
1
1
1
1
12
1966
87029
106993
148118
4380
107
208
352
439
377
320
273
199
197
145
113
69
51
33
21
27
17
12
13
10
11
9
8
6
2
2
1
2
1
3
7
9
4
5
2
1
2
2
6
11
15
3
7
3
1
2
1
4
3
1
1
1
1
1
1
1
2
2
1
1
1
1
1
1
1
2
1
1
1
1
1
19
4300
116056
129276
145570
5735
269
385
622
541
568
442
377
335
236
216
207
89
61
48
38
25
28
21
15
13
12
10
7
4
4
3
7
3
4
6
3
5
6
1
2
4
1
2
14
19
14
4
6
12
5
2
2
2
1
3
1
2
3
2
1
1
2
1
1
1
1
1
1
1
3
1
1
27
4873
170803
186008
160594
6840
257
433
432
451
538
386
392
380
244
229
155
106
70
48
43
31
30
14
13
6
8
12
5
4
10
7
7
4
4
2
4
2
2
1
1
5
13
12
7
7
6
5
3
1
1
4
1
2
2
2
2
4
2
2
8
2
3
3
1
1
1
1
1
1
1
1
3
1
1
1
1
1
1
1
25
2963
148887
128530
112412
3650
136
242
360
441
464
371
334
250
218
170
148
71
56
50
37
35
19
9
8
10
10
17
8
13
5
8
6
2
1
1
7
11
25
5
8
5
5
1
2
2
4
1
1
3
2
2
1
1
1
4
2
4
1
1
3
1
1
1
1
1
1
1
1
1
13
1653
90823
102626
111969
3584
107
209
295
303
345
290
249
214
169
136
130
58
61
32
16
19
7
10
20
9
16
6
14
4
5
4
2
4
2
2
6
22
4
10
3
1
2
5
1
1
1
1
4
1
3
2
1
3
2
1
1
1
2
1
1
3
1
1
1
1
1
1
1
1
13
1924
99171
107561
111448
3732
199
257
483
469
456
394
301
315
238
171
127
66
49
37
36
22
23
26
14
12
9
7
5
3
4
2
12
11
30
9
13
11
8
2
1
1
1
1
1
1
1
3
1
2
1
3
1
1
1
1
1
1
1
2
1
1
12
1555
96886
103467
92778
3481
199
278
334
276
334
284
266
227
158
142
94
69
41
39
35
20
24
23
10
6
4
2
3
5
5
13
36
13
12
6
16
3
3
2
4
2
2
2
3
1
1
1
1
1
1
2
2
3
2
1
1
1
1
1
1
11
2291
105656
101167
103434
3588
88
166
234
230
230
247
214
144
154
113
86
68
33
30
35
21
11
9
7
7
7
6
7
21
6
7
6
5
3
4
6
1
3
1
2
2
1
2
1
2
1
2
1
1
1
1
1
1
1
1
1
3
1
1
1
1
1
1
1
1
1
1
1
13
1934
90461
92448
112528
4466
89
121
157
235
209
219
184
176
127
83
91
60
42
26
12
9
12
5
11
11
34
3
7
7
3
3
4
1
2
1
1
1
2
4
2
1
1
2
1
1
1
3
1
1
1
1
1
1
1
1
1
13
2966
115502
116794
103394
3540
136
203
356
364
360
374
233
302
206
176
116
63
41
30
17
16
27
52
15
13
18
13
2
2
5
6
1
2
2
3
2
1
4
2
1
2
2
1
1
1
1
2
1
2
1
1
1
1
2
1
1
1
1
11
2274
93577
96180
84766
2725
144
262
338
327
395
377
314
246
165
142
83
53
48
52
56
29
33
13
14
7
9
8
5
3
2
3
3
2
2
1
2
2
4
1
3
1
1
1
1
2
2
2
1
1
3
2
2
1
1
1
1
1
11
3984
92246
84810
102115
3057
102
180
257
322
313
309
237
185
146
91
78
87
37
23
22
21
7
8
5
7
9
4
4
2
1
1
3
1
4
3
2
2
2
1
1
1
1
2
1
1
1
2
1
1
1
2
1
1
1
1
2
1
1
1
1
1
3
1
1
8
1932
94930
156498
139244
3749
98
124
230
217
222
199
140
163
127
68
69
28
25
15
7
4
5
7
5
6
4
6
4
1
1
2
3
4
5
1
1
1
2
1
1
1
2
1
1
1
2
1
2
3
1
1
1
1
1
1
21
4213
137324
112920
102473
2146
93
224
293
266
301
247
175
191
132
105
79
32
30
22
19
16
6
9
4
6
6
4
3
5
2
4
3
1
1
1
3
1
2
4
5
1
1
1
1
1
2
2
2
2
8
1
2
2
3
1
1
1
1
1
1
1
7
3102
81804
59389
63349
1737
125
227
229
185
266
196
162
146
110
72
52
38
21
16
13
10
5
5
8
7
4
4
5
5
6
2
2
2
1
1
1
1
1
2
2
2
1
1
2
1
2
1
1
1
1
13
2797
69611
43236
88005
3755
71
128
151
137
173
141
91
83
64
56
35
17
9
4
5
10
5
5
5
8
6
1
2
1
1
2
1
1
2
1
3
1
1
1
1
1
15
2360
153650
205601
218993
6036
45
96
119
86
101
90
49
46
34
14
12
9
7
5
4
3
2
3
1
1
1
1
1
1
1
3
1
2
1
1
1
1
2
1
1
1
1
1
41
6294
209960
225340
205529
6136
89
145
181
172
145
95
54
39
44
23
22
16
13
2
2
1
1
2
2
2
2
1
2
3
1
1
1
3
1
1
1
1
1
1
11
4888
161346
112937
98623
3193
134
155
153
133
132
86
87
73
51
32
30
16
8
6
4
4
1
1
3
1
1
1
3
1
1
2
2
2
2
1
3
3
2
2
1
3
2
1
1
1
2
2857
113660
116166
112181
5081
59
75
126
109
126
79
73
52
33
23
30
4
1
4
5
1
3
4
3
4
1
1
1
2
1
1
1
1
1
1
2
937
88420
81504
87876
2709
50
112
101
89
87
48
53
38
19
11
5
6
1
3
3
7
2
2
1
1
1
1
2
1
3
1
2
2122
86960
87745
95031
3098
73
85
157
110
102
76
39
31
15
7
12
8
11
7
7
1
1
1
3
2
3
1
2
1
1
1
1
1
1
1
1
1
1
2
1879
92400
119901
123716
5964
50
78
71
77
71
35
41
34
31
20
11
8
2
1
5
3
2
3
3
2
3
1
2
3
9
2
1
2
1
1
2
1
1
1
1
1
1
1
5
3129
130740
126540
122793
5442
25
38
46
73
86
50
38
33
21
16
13
9
4
1
3
3
1
1
2
4
2
1
1
1
1
3
1
1
1
4
1
1
1
9
1335
84126
58190
63145
2043
26
48
56
57
53
27
31
16
14
5
9
3
2
5
3
3
2
3
1
5
2
3
1
1
2
3
1
1
1
2
1357
56666
57717
72684
2611
25
51
66
55
58
47
35
25
12
12
13
7
9
1
8
2
4
2
2
2
1
1
1
1
2
1
1
1
1
1
1
1677
70789
76725
101302
5281
27
41
40
47
45
35
25
33
16
8
6
6
5
2
3
2
2
2
2
1
1
1
1
1
1
2
1147
97153
94381
101012
4577
19
19
36
42
24
38
19
26
26
15
6
7
4
5
4
1
1
2
1
1
1
1
1
2
1
851
80614
87339
91721
4109
9
17
26
31
35
30
24
15
13
10
4
8
6
1
1
3
3
3
4
1
1
1
2
1
1
2
1
4
2
2
1
1
2
1
1
1283
88182
93415
92897
4472
27
40
61
99
44
74
44
38
23
22
11
9
3
5
4
1
1
2
3
2
2
2
1
1
1
1
1
1
2
1350
104103
130341
138442
5847
20
39
74
57
76
56
55
31
25
16
15
8
3
2
1
2
2
1
1
1
1
3
3058
137359
122437
136708
4995
21
40
59
57
80
64
48
38
20
16
11
10
9
3
8
1
3
2
2
1
1
1
1
1
1502
138590
138535
128447
4671
18
34
50
70
63
64
57
33
33
18
8
4
8
3
1
6
3
1
2
2
1
1
1
2404
121559
148531
126810
4117
26
57
109
98
103
108
77
50
44
23
23
14
8
8
2
1
3
4
1
3
2
1
1
1
1
1
1
1
1
2709
104285
86061
66678
1551
42
68
92
112
115
103
81
86
45
41
18
17
10
10
5
3
5
5
2
3
2
3
1
2
3
1
2
1
2
2
3
2
3
1
1
1
1
1
2
3
1502
69806
72799
75475
1455
24
41
78
78
88
83
67
44
37
18
20
10
8
7
8
2
4
2
1
3
2
1
1
3
2
3
2
1
1
3
1
1
1
1
712
50037
52394
67285
1523
18
27
48
57
65
57
54
42
26
19
14
9
7
2
2
3
1
1
2
1
3
1
1
1
1
1
1
2
1
1
1
1631
71208
79438
94500
1615
29
47
88
101
108
95
63
49
39
25
22
15
12
9
6
2
1
1
1
1
3
3
1
3
1
3
2
2
2
2
2
1
1
1
2162
97794
96304
90935
1735
28
60
66
77
95
103
97
70
41
39
21
18
16
9
7
4
5
2
1
3
2
2
1
2
1
1
1
1
1
1
1
1971
85674
85626
88266
2431
24
39
61
80
93
92
68
58
41
24
24
7
8
3
4
2
4
2
2
2
3
1
2
1
1
2
1
1
2
1
1
797
78804
104398
133508
3349
16
20
34
63
96
75
47
46
21
24
13
6
6
2
6
2
2
3
2
3
1
3
2
2
1
1
2498
122201
120576
116770
2289
31
66
84
96
112
125
89
72
37
34
21
13
10
7
3
4
3
4
1
4
1
2
1
1
1
2
1
1
2254
110598
107629
103758
2758
29
68
78
104
113
98
95
86
52
42
34
19
13
12
8
6
9
5
1
2
1
1
1
2127
101392
92951
102072
2915
17
34
56
76
90
104
93
84
60
34
17
18
8
7
5
5
4
3
1
1
3
1
1
736
77471
82580
113323
3221
13
27
54
52
71
93
105
80
33
18
18
12
5
5
5
4
1
1
1
2187
118289
130111
143616
3651
26
44
100
97
145
129
118
100
53
40
37
16
23
7
5
4
2
5
2
1
3
1
1
1
2324
133192
159111
144743
5578
28
53
100
103
135
103
100
100
64
57
23
16
10
12
5
11
4
3
8
4
2
1
1480
146496
146036
137163
3771
16
34
86
85
94
101
120
70
69
44
30
19
11
14
9
5
1
3
2
2
843
87740
76228
87913
1686
13
21
67
85
78
92
90
65
57
35
35
20
19
8
3
4
3
820
82489
99891
107027
2073
21
48
92
118
107
117
97
115
77
46
39
27
12
4
2
3
643
106478
122092
115638
2783
38
39
47
57
97
115
86
77
74
36
41
4
1
3
1260
122442
102121
92482
1668
16
39
61
65
70
65
70
43
20
4
