392776.0
321149.0
213777.0
167309.0
132240.0
201823.0
225168.0
227044.0
350720.0
463199.0
399569.0
541902.0
381140.0
335810.0
447633.0
518414.0
432376.0
562604.0
632821.0
299249.0
289396.0
339181.0
239597.0
259500.0
351640.0
405684.0
533590.0
400079.0
313497.0
327698.0
301195.0
318393.0
303823.0
345395.0
282706.0
288730.0
398176.0
361429.0
211333.0
208641.0
587404.0
654370.0
382143.0
350772.0
262096.0
275722.0
344444.0
389135.0
209234.0
191482.0
256128.0
298574.0
264900.0
280773.0
380571.0
405057.0
412226.0
404193.0
262181.0
221686.0
172419.0
249133.0
289707.0
264622.0
321353.0
365160.0
327874.0
302179.0
277929.0
398814.0
445890.0
435761.0
255105.0
293225.0
348346.0
320429.0
