19991.0
19992.0
19993.0
19994.0
20001.0
20002.0
20003.0
20004.0
20011.0
20012.0
20013.0
20014.0
20021.0
20022.0
20023.0
20024.0
20031.0
20032.0
20033.0
20034.0
20041.0
20042.0
20043.0
20044.0
20051.0
20052.0
20053.0
20054.0
20061.0
20062.0
20063.0
20064.0
20071.0
20072.0
20073.0
20074.0
20081.0
20082.0
20083.0
20084.0
20091.0
20092.0
20093.0
20094.0
20101.0
20102.0
20103.0
20104.0
20111.0
20112.0
20113.0
20114.0
20121.0
20122.0
20123.0
20124.0
20131.0
20132.0
20133.0
20134.0
20141.0
20142.0
20143.0
20144.0
20151.0
20152.0
20153.0
20154.0
20161.0
20162.0
20163.0
20164.0
20171.0
20172.0
20173.0
20174.0
